101
103
106
107
108
10
111
115
117
119
11
120
122
123
125
127
129
133
137
138
13
142
144
147
149
155
156
157
158
159
161
168
16
170
17
182
184
188
189
18
193
197
198
1
200
204
205
209
20
210
212
214
215
218
219
21
220
224
225
226
232
233
238
23
243
246
24
251
257
260
261
263
264
269
26
271
274
276
278
27
284
287
289
292
295
296
299
2
300
301
302
303
304
305
307
309
30
310
316
317
318
319
323
326
333
337
338
33
343
344
346
349
357
360
364
369
370
380
382
388
390
394
397
399
3
402
408
412
416
418
419
41
420
423
424
430
431
432
433
434
435
436
438
439
446
449
450
453
458
459
465
471
474
47
481
489
48
492
493
495
497
49
500
52
53
54
55
60
62
64
66
71
72
76
79
89
8
93
95
99
9
83
84
86
87
88
90
92
94
96
98
61
68
69
6
7
82
85
91
97